7	55241585	8001
7	55241586	8002
7	55241587	8003
7	55241588	8004
7	55241589	7995
7	55241590	7990
7	55241591	8004
7	55241592	8006
7	55241593	8007
7	55241594	8008
7	55241595	8007
7	55241596	8007
7	55241597	8007
7	55241598	7997
7	55241599	8006
7	55241600	8001
7	55241601	7992
7	55241602	8009
7	55241603	8002
7	55241604	8001
7	55241605	7923
7	55241606	8004
7	55241607	8009
7	55241608	8001
7	55241609	7962
7	55241610	7949
7	55241611	7948
7	55241612	7934
7	55241613	7942
7	55241614	7945
7	55241615	7945
7	55241616	7945
7	55241617	7945
7	55241618	7944
7	55241619	7939
7	55241620	7942
7	55241621	7942
7	55241622	7941
7	55241623	7942
7	55241624	7942
7	55241625	7942
7	55241626	7940
7	55241627	7938
7	55241628	7942
7	55241629	7939
7	55241630	7942
7	55241631	7941
7	55241632	7938
7	55241633	7942
7	55241634	7942
7	55241635	7941
7	55241636	7942
7	55241637	7938
7	55241638	7940
7	55241639	7942
7	55241640	7941
7	55241641	7942
7	55241642	7943
7	55241643	7945
7	55241644	7947
7	55241645	8000
7	55241646	8000
7	55241647	7998
7	55241648	8003
7	55241649	8004
7	55241650	7998
7	55241651	8006
7	55241652	8007
7	55241653	8008
7	55241654	8007
7	55241655	8008
7	55241656	8007
7	55241657	8003
7	55241658	8008
7	55241659	8009
7	55241660	8010
7	55241661	8010
7	55241662	8010
7	55241663	8010
7	55241664	8010
7	55241665	8009
7	55241666	8011
7	55241667	8011
7	55241668	8011
7	55241669	8011
7	55241670	8011
7	55241671	8011
7	55241672	8011
7	55241673	8012
7	55241674	8012
7	55241675	8013
7	55241676	8014
7	55241677	8014
7	55241678	8009
7	55241679	8013
7	55241680	8014
7	55241681	8012
7	55241682	8013
7	55241683	8015
7	55241684	8015
7	55241685	8016
7	55241686	8016
7	55241687	8016
7	55241688	8015
7	55241689	7996
7	55241690	8016
7	55241691	8017
7	55241692	8017
7	55241693	8017
7	55241694	8013
7	55241695	8014
7	55241696	8014
7	55241697	8014
7	55241698	8012
7	55241699	8015
7	55241700	8015
7	55241701	8013
7	55241702	8011
7	55241703	8014
7	55241704	8015
7	55241705	8015
7	55241706	8007
7	55241707	8015
7	55241708	8015
7	55241709	8012
7	55241710	8012
7	55241711	8012
7	55241712	8013
7	55241713	8012
7	55241714	8013
7	55241715	7997
7	55241716	8001
7	55241717	8001
7	55241718	8001
7	55241719	8001
7	55241720	8001
7	55241721	8000
7	55241722	7996
7	55241723	7995
7	55241724	7977
7	55241725	7968
7	55241726	7968
7	55241727	7965
7	55241728	7964
7	55241729	7623
7	55241730	7621
7	55241731	7082
7	55241732	6816
7	55241733	6766
7	55241734	6229
7	55241735	280
7	55241736	87
7	55241737	75
7	55242380	8001
7	55242381	8002
7	55242382	8003
7	55242383	8004
7	55242384	8001
7	55242385	7999
7	55242386	7996
7	55242387	8008
7	55242388	8005
7	55242389	8008
7	55242390	8005
7	55242391	8008
7	55242392	8009
7	55242393	8004
7	55242394	8005
7	55242395	8013
7	55242396	8013
7	55242397	8015
7	55242398	8014
7	55242399	7989
7	55242400	7990
7	55242401	8017
7	55242402	8017
7	55242403	8018
7	55242404	8019
7	55242405	8019
7	55242406	8020
7	55242407	8020
7	55242408	8021
7	55242409	8022
7	55242410	8023
7	55242411	8024
7	55242412	8025
7	55242413	8024
7	55242414	8025
7	55242415	8027
7	55242416	8028
7	55242417	8029
7	55242418	8029
7	55242419	8030
7	55242420	8031
7	55242421	8032
7	55242422	8033
7	55242423	8034
7	55242424	8034
7	55242425	8036
7	55242426	8023
7	55242427	8037
7	55242428	8038
7	55242429	8039
7	55242430	8040
7	55242431	8041
7	55242432	8042
7	55242433	8043
7	55242434	8044
7	55242435	8045
7	55242436	8046
7	55242437	8047
7	55242438	8048
7	55242439	8046
7	55242440	8050
7	55242441	8050
7	55242442	8051
7	55242443	8052
7	55242444	8053
7	55242445	8049
7	55242446	8055
7	55242447	8056
7	55242448	8056
7	55242449	8056
7	55242450	8058
7	55242451	8057
7	55242452	8059
7	55242453	8060
7	55242454	8059
7	55242455	8060
7	55242456	8062
7	55242457	8063
7	55242458	8064
7	55242459	8065
7	55242460	8060
7	55242461	8060
7	55242462	8058
7	55242463	8039
7	55242464	8046
7	55242465	8038
7	55242466	4096
7	55242467	4075
7	55242468	4084
7	55242469	4083
7	55242470	4084
7	55242471	4080
7	55242472	4078
7	55242473	4086
7	55242474	4082
7	55242475	4084
7	55242476	4080
7	55242477	4081
7	55242478	4083
7	55242479	4084
7	55242480	4092
7	55242481	8053
7	55242482	8070
7	55242483	8075
7	55242484	8076
7	55242485	8077
7	55242486	8081
7	55242487	8082
7	55242488	8083
7	55242489	8083
7	55242490	8086
7	55242491	8086
7	55242492	8086
7	55242493	8087
7	55242494	8087
7	55242495	8089
7	55242496	8090
7	55242497	8091
7	55242498	8083
7	55242499	8084
7	55242500	8086
7	55242501	8086
7	55242502	8087
7	55242503	8082
7	55242504	8088
7	55242505	8089
7	55242506	8090
7	55242507	8090
7	55242508	8090
7	55242509	8091
7	55242510	8092
7	55242511	8092
7	55242512	8093
7	55242513	8093
7	55242514	8095
7	55242515	8096
7	55242516	8097
7	55242517	8096
7	55242518	8096
7	55242519	8096
7	55242520	8097
7	55242521	8096
7	55242522	8095
7	55242523	8094
7	55242524	8093
7	55242525	8089
7	55242526	8088
7	55242527	8089
7	55242528	8057
7	55242529	8037
7	55242530	4147
7	55242531	4101
7	55242532	4081
7	55242533	4081
7	55242534	4081
7	55242535	4080
7	55242536	4061
7	55242537	4072
7	55242538	4070
7	55242539	4070
7	55242540	4061
7	55242541	4058
7	55242542	4045
7	55242543	4003
7	55242544	3838
7	55242545	145
7	55242546	97
7	55242547	89
7	55242548	88
7	55242549	90
7	55242550	90
7	55242551	90
7	55242552	90
7	55242553	87
7	55242554	87
7	55242555	85
7	55242556	85
7	55242557	85
7	55242558	85
7	55242559	85
7	55242560	84
7	55242561	83
7	55242562	82
7	55242563	82
7	55242564	82
7	55242565	81
7	55242566	80
7	55242567	82
7	55242568	81
7	55242569	79
7	55242570	77
7	55242571	76
7	55242572	76
7	55242573	69
7	55242574	65
7	55248958	8001
7	55248959	8002
7	55248960	8003
7	55248961	8004
7	55248962	8004
7	55248963	8005
7	55248964	8006
7	55248965	8003
7	55248966	8004
7	55248967	8008
7	55248968	8002
7	55248969	7994
7	55248970	8004
7	55248971	7999
7	55248972	7943
7	55248973	7947
7	55248974	7937
7	55248975	7955
7	55248976	8012
7	55248977	8010
7	55248978	8008
7	55248979	8014
7	55248980	8018
7	55248981	8018
7	55248982	8014
7	55248983	8018
7	55248984	8018
7	55248985	8020
7	55248986	8022
7	55248987	8019
7	55248988	8022
7	55248989	8022
7	55248990	8022
7	55248991	8022
7	55248992	8022
7	55248993	8022
7	55248994	8023
7	55248995	8023
7	55248996	8023
7	55248997	8024
7	55248998	8024
7	55248999	8024
7	55249000	8024
7	55249001	8024
7	55249002	8024
7	55249003	8024
7	55249004	8024
7	55249005	8024
7	55249006	8024
7	55249007	8024
7	55249008	8024
7	55249009	8023
7	55249010	8024
7	55249011	8023
7	55249012	8024
7	55249013	8024
7	55249014	8024
7	55249015	7996
7	55249016	8022
7	55249017	8024
7	55249018	8024
7	55249019	8024
7	55249020	8024
7	55249021	8023
7	55249022	8022
7	55249023	8021
7	55249024	8024
7	55249025	8024
7	55249026	8023
7	55249027	8023
7	55249028	8023
7	55249029	8023
7	55249030	8023
7	55249031	8023
7	55249032	8024
7	55249033	8025
7	55249034	8025
7	55249035	8025
7	55249036	8007
7	55249037	8026
7	55249038	8026
7	55249039	8027
7	55249040	8028
7	55249041	8029
7	55249042	8030
7	55249043	8031
7	55249044	8032
7	55249045	8033
7	55249046	8034
7	55249047	8034
7	55249048	8036
7	55249049	8036
7	55249050	8038
7	55249051	8039
7	55249052	8038
7	55249053	8040
7	55249054	8042
7	55249055	8043
7	55249056	8042
7	55249057	8045
7	55249058	8045
7	55249059	8046
7	55249060	8046
7	55249061	8047
7	55249062	8048
7	55249063	8048
7	55249064	8050
7	55249065	8051
7	55249066	8052
7	55249067	8052
7	55249068	8052
7	55249069	8037
7	55249070	8038
7	55249071	8039
7	55249072	8041
7	55249073	8042
7	55249074	8043
7	55249075	8044
7	55249076	8045
7	55249077	8045
7	55249078	8047
7	55249079	8047
7	55249080	8048
7	55249081	8049
7	55249082	8050
7	55249083	8051
7	55249084	8051
7	55249085	8051
7	55249086	8053
7	55249087	8054
7	55249088	8055
7	55249089	8055
7	55249090	8056
7	55249091	8056
7	55249092	8057
7	55249093	8057
7	55249094	8058
7	55249095	8057
7	55249096	8057
7	55249097	8059
7	55249098	8059
7	55249099	8053
7	55249100	8060
7	55249101	8060
7	55249102	8061
7	55249103	8061
7	55249104	8059
7	55249105	8042
7	55249106	8017
7	55249107	7851
7	55249108	273
7	55249109	139
7	55249110	127
7	55249111	128
7	55249112	69
7	55249113	63
7	55249114	62
7	55249115	64
7	55249116	60
7	55249117	59
7	55249118	58
7	55249119	59
7	55249120	59
7	55249121	59
7	55249122	59
7	55249123	58
7	55249124	59
7	55249125	59
7	55249126	58
7	55249127	59
7	55249128	58
7	55249129	59
7	55249130	59
7	55249131	59
7	55249132	59
7	55249133	59
7	55249134	59
7	55249135	59
7	55249136	59
7	55249137	59
7	55249138	59
7	55249139	59
7	55249140	59
7	55249141	60
7	55249142	60
7	55249143	61
7	55249144	62
7	55249145	62
7	55249146	61
7	55249147	62
7	55249148	65
7	55249149	65
7	55249150	65
7	55249151	65
7	55249152	66
7	55249153	66
7	55249154	66
7	55249155	66
7	55249156	66
7	55249157	66
7	55249158	67
7	55249159	68
7	55249160	67
7	55249161	67
7	55249162	68
7	55249163	68
7	55249164	68
7	55249165	70
7	55249166	69
7	55249167	70
7	55249168	70
7	55249169	70
7	55249170	70
7	55249171	69
7	55249172	70
7	55249173	69
7	55249174	69
7	55249175	68
7	55249176	68
7	55249177	67
7	55249178	67
7	55249179	66
7	55249180	68
7	55249181	65
7	55249182	65
7	55249183	66
7	55249184	62
7	55249185	62
7	55249186	62
7	55249187	61
7	55249188	58
7	55249189	58
7	55249190	56
7	55249191	56
7	55249192	56
7	55249193	52
7	55249194	47
7	55259376	8001
7	55259377	8002
7	55259378	8003
7	55259379	8004
7	55259380	8000
7	55259381	8005
7	55259382	8004
7	55259383	7991
7	55259384	8008
7	55259385	8010
7	55259386	8007
7	55259387	8005
7	55259388	8005
7	55259389	8008
7	55259390	8001
7	55259391	8012
7	55259392	8014
7	55259393	8014
7	55259394	8014
7	55259395	8014
7	55259396	8014
7	55259397	8014
7	55259398	8014
7	55259399	8014
7	55259400	8014
7	55259401	8014
7	55259402	8014
7	55259403	8014
7	55259404	8014
7	55259405	8014
7	55259406	8014
7	55259407	8014
7	55259408	8014
7	55259409	8014
7	55259410	8014
7	55259411	8007
7	55259412	8014
7	55259413	8014
7	55259414	8014
7	55259415	8014
7	55259416	8014
7	55259417	8014
7	55259418	8014
7	55259419	8015
7	55259420	8015
7	55259421	8015
7	55259422	8015
7	55259423	8013
7	55259424	8012
7	55259425	7976
7	55259426	7985
7	55259427	7987
7	55259428	7986
7	55259429	7987
7	55259430	7984
7	55259431	7984
7	55259432	7984
7	55259433	7984
7	55259434	7988
7	55259435	7990
7	55259436	8000
7	55259437	8001
7	55259438	8002
7	55259439	8001
7	55259440	8004
7	55259441	8005
7	55259442	8006
7	55259443	8007
7	55259444	8008
7	55259445	8009
7	55259446	8010
7	55259447	8010
7	55259448	8012
7	55259449	8013
7	55259450	8014
7	55259451	8015
7	55259452	8016
7	55259453	8016
7	55259454	8018
7	55259455	8019
7	55259456	8020
7	55259457	8021
7	55259458	8022
7	55259459	8023
7	55259460	8023
7	55259461	8024
7	55259462	8025
7	55259463	8026
7	55259464	8026
7	55259465	8027
7	55259466	8028
7	55259467	8029
7	55259468	8029
7	55259469	8030
7	55259470	8028
7	55259471	8031
7	55259472	8032
7	55259473	8033
7	55259474	8029
7	55259475	8035
7	55259476	8036
7	55259477	8037
7	55259478	8036
7	55259479	8039
7	55259480	8040
7	55259481	8041
7	55259482	8042
7	55259483	8042
7	55259484	8042
7	55259485	8045
7	55259486	8044
7	55259487	8045
7	55259488	8046
7	55259489	8047
7	55259490	8048
7	55259491	8049
7	55259492	8048
7	55259493	8050
7	55259494	8050
7	55259495	8048
7	55259496	8050
7	55259497	8050
7	55259498	8050
7	55259499	8051
7	55259500	8051
7	55259501	8052
7	55259502	8053
7	55259503	8053
7	55259504	8055
7	55259505	8053
7	55259506	8056
7	55259507	8047
7	55259508	8058
7	55259509	8058
7	55259510	8058
7	55259511	8059
7	55259512	8061
7	55259513	8061
7	55259514	8061
7	55259515	8060
7	55259516	8057
7	55259517	8059
7	55259518	8058
7	55259519	8058
7	55259520	8054
7	55259521	8057
7	55259522	8053
7	55259523	8037
7	55259524	8003
7	55259525	7955
7	55259526	193
7	55259527	95
7	55259528	91
7	55259529	89
7	55259530	87
7	55259531	86
7	55259532	85
7	55259533	84
7	55259534	85
7	55259535	85
7	55259536	85
7	55259537	85
7	55259538	85
7	55259539	84
7	55259540	83
7	55259541	84
7	55259542	84
7	55259543	84
7	55259544	83
7	55259545	84
7	55259546	84
7	55259547	84
7	55259548	84
7	55259549	83
7	55259550	84
7	55259551	84
7	55259552	84
7	55259553	84
7	55259554	84
7	55259555	85
7	55259556	86
7	55259557	86
7	55259558	86
7	55259559	86
7	55259560	86
7	55259561	86
7	55259562	86
7	55259563	80
7	55259564	69
7	55259565	67
7	55259566	69
7	55259567	69
7	55259568	75
7	55259569	75
7	55259570	75
7	55259571	73
7	55259572	73
7	55259573	73
7	55259574	73
7	55259575	73
7	55259576	73
7	55259577	72
7	55259578	71
7	55259579	71
7	55259580	64
7	55259581	65
7	55259582	65
7	55259583	70
7	55259584	69
7	55259585	69
7	55259586	66
7	55259587	63
7	55259588	51
7	55259589	49
